829,4
829,1
829,3
10,201
10,235
10,281
10,127
10,13
10,115
10,261
10,239
11,20
11,24
11,4
11,23
11,11
9,5
8,10
8,13
8,6
8,14
8,7
851,3
851,2
851,1
851,0
850,3
850,2
850,1
850,0
849,3
849,2
849,1
849,0
848,3
848,2
848,1
848,0
847,4
847,3
847,2
847,1
847,0
846,4
846,3
846,2
846,1
846,0
845,4
845,3
845,2
845,1
845,0
844,3
844,2
844,1
844,0
835,3
835,2
835,1
835,0
834,3
834,2
834,1
834,0
833,3
833,2
833,1
833,0
832,3
832,2
832,1
832,0
831,4
831,3
831,2
831,1
831,0
20,3
20,2
20,1
19,3
19,2
19,1
12,3
12,2
12,1
11,30
11,28
11,25
11,22
11,14
11,12
11,5
11,3
11,2
11,1
10,280
10,270
10,230
10,212
10,140
10,130
10,68
10,26
10,3
10,2
10,1
9,7
18,1
18,3
9,6
9,4
14,1
9,3
14,3
9,2
13,1
